[0.         0.06346652 0.12693304 0.19039955 0.25386607 0.31733259
 0.38079911 0.44426563 0.50773215 0.57119866 0.63466518 0.6981317
 0.76159822 0.82506474 0.88853126 0.95199777 1.01546429 1.07893081
 1.14239733 1.20586385 1.26933037 1.33279688 1.3962634  1.45972992
 1.52319644 1.58666296 1.65012947 1.71359599 1.77706251 1.84052903
 1.90399555 1.96746207 2.03092858 2.0943951  2.15786162 2.22132814
 2.28479466 2.34826118 2.41172769 2.47519421 2.53866073 2.60212725
 2.66559377 2.72906028 2.7925268  2.85599332 2.91945984 2.98292636
 3.04639288 3.10985939 3.17332591 3.23679243 3.30025895 3.36372547
 3.42719199 3.4906585  3.55412502 3.61759154 3.68105806 3.74452458
 3.8079911  3.87145761 3.93492413 3.99839065 4.06185717 4.12532369
 4.1887902  4.25225672 4.31572324 4.37918976 4.44265628 4.5061228
 4.56958931 4.63305583 4.69652235 4.75998887 4.82345539 4.88692191
 4.95038842 5.01385494 5.07732146 5.14078798 5.2042545  5.26772102
 5.33118753 5.39465405 5.45812057 5.52158709 5.58505361 5.64852012
 5.71198664 5.77545316 5.83891968 5.9023862  5.96585272 6.02931923
 6.09278575 6.15625227 6.21971879 6.28318531]
[0.         0.06346652 0.12693304 0.19039955 0.25386607 0.31733259
 0.38079911 0.44426563 0.50773215 0.57119866 0.63466518 0.6981317
 0.76159822 0.82506474 0.88853126 0.95199777 1.01546429 1.07893081
 1.14239733 1.20586385 1.26933037 1.33279688 1.3962634  1.45972992
 1.52319644 1.58666296 1.65012947 1.71359599 1.77706251 1.84052903
 1.90399555 1.96746207 2.03092858 2.0943951  2.15786162 2.22132814
 2.28479466 2.34826118 2.41172769 2.47519421 2.53866073 2.60212725
 2.66559377 2.72906028 2.7925268  2.85599332 2.91945984 2.98292636
 3.04639288 3.10985939 3.17332591 3.23679243 3.30025895 3.36372547
 3.42719199 3.4906585  3.55412502 3.61759154 3.68105806 3.74452458
 3.8079911  3.87145761 3.93492413 3.99839065 4.06185717 4.12532369
 4.1887902  4.25225672 4.31572324 4.37918976 4.44265628 4.5061228
 4.56958931 4.63305583 4.69652235 4.75998887 4.82345539 4.88692191
 4.95038842 5.01385494 5.07732146 5.14078798 5.2042545  5.26772102
 5.33118753 5.39465405 5.45812057 5.52158709 5.58505361 5.64852012
 5.71198664 5.77545316 5.83891968 5.9023862  5.96585272 6.02931923
 6.09278575 6.15625227 6.21971879 6.28318531]
[0.         0.06346652 0.12693304 0.19039955 0.25386607 0.31733259
 0.38079911 0.44426563 0.50773215 0.57119866 0.63466518 0.6981317
 0.76159822 0.82506474 0.88853126 0.95199777 1.01546429 1.07893081
 1.14239733 1.20586385 1.26933037 1.33279688 1.3962634  1.45972992
 1.52319644 1.58666296 1.65012947 1.71359599 1.77706251 1.84052903
 1.90399555 1.96746207 2.03092858 2.0943951  2.15786162 2.22132814
 2.28479466 2.34826118 2.41172769 2.47519421 2.53866073 2.60212725
 2.66559377 2.72906028 2.7925268  2.85599332 2.91945984 2.98292636
 3.04639288 3.10985939 3.17332591 3.23679243 3.30025895 3.36372547
 3.42719199 3.4906585  3.55412502 3.61759154 3.68105806 3.74452458
 3.8079911  3.87145761 3.93492413 3.99839065 4.06185717 4.12532369
 4.1887902  4.25225672 4.31572324 4.37918976 4.44265628 4.5061228
 4.56958931 4.63305583 4.69652235 4.75998887 4.82345539 4.88692191
 4.95038842 5.01385494 5.07732146 5.14078798 5.2042545  5.26772102
 5.33118753 5.39465405 5.45812057 5.52158709 5.58505361 5.64852012
 5.71198664 5.77545316 5.83891968 5.9023862  5.96585272 6.02931923
 6.09278575 6.15625227 6.21971879 6.28318531]
[0.         0.06346652 0.12693304 0.19039955 0.25386607 0.31733259
 0.38079911 0.44426563 0.50773215 0.57119866 0.63466518 0.6981317
 0.76159822 0.82506474 0.88853126 0.95199777 1.01546429 1.07893081
 1.14239733 1.20586385 1.26933037 1.33279688 1.3962634  1.45972992
 1.52319644 1.58666296 1.65012947 1.71359599 1.77706251 1.84052903
 1.90399555 1.96746207 2.03092858 2.0943951  2.15786162 2.22132814
 2.28479466 2.34826118 2.41172769 2.47519421 2.53866073 2.60212725
 2.66559377 2.72906028 2.7925268  2.85599332 2.91945984 2.98292636
 3.04639288 3.10985939 3.17332591 3.23679243 3.30025895 3.36372547
 3.42719199 3.4906585  3.55412502 3.61759154 3.68105806 3.74452458
 3.8079911  3.87145761 3.93492413 3.99839065 4.06185717 4.12532369
 4.1887902  4.25225672 4.31572324 4.37918976 4.44265628 4.5061228
 4.56958931 4.63305583 4.69652235 4.75998887 4.82345539 4.88692191
 4.95038842 5.01385494 5.07732146 5.14078798 5.2042545  5.26772102
 5.33118753 5.39465405 5.45812057 5.52158709 5.58505361 5.64852012
 5.71198664 5.77545316 5.83891968 5.9023862  5.96585272 6.02931923
 6.09278575 6.15625227 6.21971879 6.28318531]
[0.         0.06346652 0.12693304 0.19039955 0.25386607 0.31733259
 0.38079911 0.44426563 0.50773215 0.57119866 0.63466518 0.6981317
 0.76159822 0.82506474 0.88853126 0.95199777 1.01546429 1.07893081
 1.14239733 1.20586385 1.26933037 1.33279688 1.3962634  1.45972992
 1.52319644 1.58666296 1.65012947 1.71359599 1.77706251 1.84052903
 1.90399555 1.96746207 2.03092858 2.0943951  2.15786162 2.22132814
 2.28479466 2.34826118 2.41172769 2.47519421 2.53866073 2.60212725
 2.66559377 2.72906028 2.7925268  2.85599332 2.91945984 2.98292636
 3.04639288 3.10985939 3.17332591 3.23679243 3.30025895 3.36372547
 3.42719199 3.4906585  3.55412502 3.61759154 3.68105806 3.74452458
 3.8079911  3.87145761 3.93492413 3.99839065 4.06185717 4.12532369
 4.1887902  4.25225672 4.31572324 4.37918976 4.44265628 4.5061228
 4.56958931 4.63305583 4.69652235 4.75998887 4.82345539 4.88692191
 4.95038842 5.01385494 5.07732146 5.14078798 5.2042545  5.26772102
 5.33118753 5.39465405 5.45812057 5.52158709 5.58505361 5.64852012
 5.71198664 5.77545316 5.83891968 5.9023862  5.96585272 6.02931923
 6.09278575 6.15625227 6.21971879 6.28318531]
[0.         0.06346652 0.12693304 0.19039955 0.25386607 0.31733259
 0.38079911 0.44426563 0.50773215 0.57119866 0.63466518 0.6981317
 0.76159822 0.82506474 0.88853126 0.95199777 1.01546429 1.07893081
 1.14239733 1.20586385 1.26933037 1.33279688 1.3962634  1.45972992
 1.52319644 1.58666296 1.65012947 1.71359599 1.77706251 1.84052903
 1.90399555 1.96746207 2.03092858 2.0943951  2.15786162 2.22132814
 2.28479466 2.34826118 2.41172769 2.47519421 2.53866073 2.60212725
 2.66559377 2.72906028 2.7925268  2.85599332 2.91945984 2.98292636
 3.04639288 3.10985939 3.17332591 3.23679243 3.30025895 3.36372547
 3.42719199 3.4906585  3.55412502 3.61759154 3.68105806 3.74452458
 3.8079911  3.87145761 3.93492413 3.99839065 4.06185717 4.12532369
 4.1887902  4.25225672 4.31572324 4.37918976 4.44265628 4.5061228
 4.56958931 4.63305583 4.69652235 4.75998887 4.82345539 4.88692191
 4.95038842 5.01385494 5.07732146 5.14078798 5.2042545  5.26772102
 5.33118753 5.39465405 5.45812057 5.52158709 5.58505361 5.64852012
 5.71198664 5.77545316 5.83891968 5.9023862  5.96585272 6.02931923
 6.09278575 6.15625227 6.21971879 6.28318531]
[0.         0.0315738  0.06314759 0.09472139 0.12629518 0.15786898
 0.18944277 0.22101657 0.25259036 0.28416416 0.31573796 0.34731175
 0.37888555 0.41045934 0.44203314 0.47360693 0.50518073 0.53675452
 0.56832832 0.59990211 0.63147591 0.66304971 0.6946235  0.7261973
 0.75777109 0.78934489 0.82091868 0.85249248 0.88406627 0.91564007
 0.94721387 0.97878766 1.01036146 1.04193525 1.07350905 1.10508284
 1.13665664 1.16823043 1.19980423 1.23137803 1.26295182 1.29452562
 1.32609941 1.35767321 1.389247   1.4208208  1.45239459 1.48396839
 1.51554218 1.54711598 1.57868978 1.61026357 1.64183737 1.67341116
 1.70498496 1.73655875 1.76813255 1.79970634 1.83128014 1.86285394
 1.89442773 1.92600153 1.95757532 1.98914912 2.02072291 2.05229671
 2.0838705  2.1154443  2.14701809 2.17859189 2.21016569 2.24173948
 2.27331328 2.30488707 2.33646087 2.36803466 2.39960846 2.43118225
 2.46275605 2.49432985 2.52590364 2.55747744 2.58905123 2.62062503
 2.65219882 2.68377262 2.71534641 2.74692021 2.77849401 2.8100678
 2.8416416  2.87321539 2.90478919 2.93636298 2.96793678 2.99951057
 3.03108437 3.06265816 3.09423196 3.12580576 3.15737955 3.18895335
 3.22052714 3.25210094 3.28367473 3.31524853 3.34682232 3.37839612
 3.40996992 3.44154371 3.47311751 3.5046913  3.5362651  3.56783889
 3.59941269 3.63098648 3.66256028 3.69413408 3.72570787 3.75728167
 3.78885546 3.82042926 3.85200305 3.88357685 3.91515064 3.94672444
 3.97829823 4.00987203 4.04144583 4.07301962 4.10459342 4.13616721
 4.16774101 4.1993148  4.2308886  4.26246239 4.29403619 4.32560999
 4.35718378 4.38875758 4.42033137 4.45190517 4.48347896 4.51505276
 4.54662655 4.57820035 4.60977414 4.64134794 4.67292174 4.70449553
 4.73606933 4.76764312 4.79921692 4.83079071 4.86236451 4.8939383
 4.9255121  4.9570859  4.98865969 5.02023349 5.05180728 5.08338108
 5.11495487 5.14652867 5.17810246 5.20967626 5.24125006 5.27282385
 5.30439765 5.33597144 5.36754524 5.39911903 5.43069283 5.46226662
 5.49384042 5.52541421 5.55698801 5.58856181 5.6201356  5.6517094
 5.68328319 5.71485699 5.74643078 5.77800458 5.80957837 5.84115217
 5.87272597 5.90429976 5.93587356 5.96744735 5.99902115 6.03059494
 6.06216874 6.09374253 6.12531633 6.15689013 6.18846392 6.22003772
 6.25161151 6.28318531]
[0.         0.06346652 0.12693304 0.19039955 0.25386607 0.31733259
 0.38079911 0.44426563 0.50773215 0.57119866 0.63466518 0.6981317
 0.76159822 0.82506474 0.88853126 0.95199777 1.01546429 1.07893081
 1.14239733 1.20586385 1.26933037 1.33279688 1.3962634  1.45972992
 1.52319644 1.58666296 1.65012947 1.71359599 1.77706251 1.84052903
 1.90399555 1.96746207 2.03092858 2.0943951  2.15786162 2.22132814
 2.28479466 2.34826118 2.41172769 2.47519421 2.53866073 2.60212725
 2.66559377 2.72906028 2.7925268  2.85599332 2.91945984 2.98292636
 3.04639288 3.10985939 3.17332591 3.23679243 3.30025895 3.36372547
 3.42719199 3.4906585  3.55412502 3.61759154 3.68105806 3.74452458
 3.8079911  3.87145761 3.93492413 3.99839065 4.06185717 4.12532369
 4.1887902  4.25225672 4.31572324 4.37918976 4.44265628 4.5061228
 4.56958931 4.63305583 4.69652235 4.75998887 4.82345539 4.88692191
 4.95038842 5.01385494 5.07732146 5.14078798 5.2042545  5.26772102
 5.33118753 5.39465405 5.45812057 5.52158709 5.58505361 5.64852012
 5.71198664 5.77545316 5.83891968 5.9023862  5.96585272 6.02931923
 6.09278575 6.15625227 6.21971879 6.28318531]
