[0.17453293 0.20274027 0.23094761 0.25915495 0.28736229 0.31556963
 0.34377697 0.37198432 0.40019166 0.428399   0.45660634 0.48481368
 0.51302102 0.54122836 0.56943571 0.59764305 0.62585039 0.65405773
 0.68226507 0.71047241 0.73867975 0.7668871  0.79509444 0.82330178
 0.85150912 0.87971646 0.9079238  0.93613114 0.96433849 0.99254583
 1.02075317 1.04896051 1.07716785 1.10537519 1.13358253 1.16178988
 1.18999722 1.21820456 1.2464119  1.27461924 1.30282658 1.33103392
 1.35924127 1.38744861 1.41565595 1.44386329 1.47207063 1.50027797
 1.52848531 1.55669266 1.5849     1.61310734 1.64131468 1.66952202
 1.69772936 1.7259367  1.75414405 1.78235139 1.81055873 1.83876607
 1.86697341 1.89518075 1.92338809 1.95159544 1.97980278 2.00801012
 2.03621746 2.0644248  2.09263214 2.12083948 2.14904683 2.17725417
 2.20546151 2.23366885 2.26187619 2.29008353 2.31829088 2.34649822
 2.37470556 2.4029129  2.43112024 2.45932758 2.48753492 2.51574227
 2.54394961 2.57215695 2.60036429 2.62857163 2.65677897 2.68498631
 2.71319366 2.741401   2.76960834 2.79781568 2.82602302 2.85423036
 2.8824377  2.91064505 2.93885239 2.96705973]
[0.17453293 0.20274027 0.23094761 0.25915495 0.28736229 0.31556963
 0.34377697 0.37198432 0.40019166 0.428399   0.45660634 0.48481368
 0.51302102 0.54122836 0.56943571 0.59764305 0.62585039 0.65405773
 0.68226507 0.71047241 0.73867975 0.7668871  0.79509444 0.82330178
 0.85150912 0.87971646 0.9079238  0.93613114 0.96433849 0.99254583
 1.02075317 1.04896051 1.07716785 1.10537519 1.13358253 1.16178988
 1.18999722 1.21820456 1.2464119  1.27461924 1.30282658 1.33103392
 1.35924127 1.38744861 1.41565595 1.44386329 1.47207063 1.50027797
 1.52848531 1.55669266 1.5849     1.61310734 1.64131468 1.66952202
 1.69772936 1.7259367  1.75414405 1.78235139 1.81055873 1.83876607
 1.86697341 1.89518075 1.92338809 1.95159544 1.97980278 2.00801012
 2.03621746 2.0644248  2.09263214 2.12083948 2.14904683 2.17725417
 2.20546151 2.23366885 2.26187619 2.29008353 2.31829088 2.34649822
 2.37470556 2.4029129  2.43112024 2.45932758 2.48753492 2.51574227
 2.54394961 2.57215695 2.60036429 2.62857163 2.65677897 2.68498631
 2.71319366 2.741401   2.76960834 2.79781568 2.82602302 2.85423036
 2.8824377  2.91064505 2.93885239 2.96705973]
[0.17453293 0.20274027 0.23094761 0.25915495 0.28736229 0.31556963
 0.34377697 0.37198432 0.40019166 0.428399   0.45660634 0.48481368
 0.51302102 0.54122836 0.56943571 0.59764305 0.62585039 0.65405773
 0.68226507 0.71047241 0.73867975 0.7668871  0.79509444 0.82330178
 0.85150912 0.87971646 0.9079238  0.93613114 0.96433849 0.99254583
 1.02075317 1.04896051 1.07716785 1.10537519 1.13358253 1.16178988
 1.18999722 1.21820456 1.2464119  1.27461924 1.30282658 1.33103392
 1.35924127 1.38744861 1.41565595 1.44386329 1.47207063 1.50027797
 1.52848531 1.55669266 1.5849     1.61310734 1.64131468 1.66952202
 1.69772936 1.7259367  1.75414405 1.78235139 1.81055873 1.83876607
 1.86697341 1.89518075 1.92338809 1.95159544 1.97980278 2.00801012
 2.03621746 2.0644248  2.09263214 2.12083948 2.14904683 2.17725417
 2.20546151 2.23366885 2.26187619 2.29008353 2.31829088 2.34649822
 2.37470556 2.4029129  2.43112024 2.45932758 2.48753492 2.51574227
 2.54394961 2.57215695 2.60036429 2.62857163 2.65677897 2.68498631
 2.71319366 2.741401   2.76960834 2.79781568 2.82602302 2.85423036
 2.8824377  2.91064505 2.93885239 2.96705973]
[0.17453293 0.20274027 0.23094761 0.25915495 0.28736229 0.31556963
 0.34377697 0.37198432 0.40019166 0.428399   0.45660634 0.48481368
 0.51302102 0.54122836 0.56943571 0.59764305 0.62585039 0.65405773
 0.68226507 0.71047241 0.73867975 0.7668871  0.79509444 0.82330178
 0.85150912 0.87971646 0.9079238  0.93613114 0.96433849 0.99254583
 1.02075317 1.04896051 1.07716785 1.10537519 1.13358253 1.16178988
 1.18999722 1.21820456 1.2464119  1.27461924 1.30282658 1.33103392
 1.35924127 1.38744861 1.41565595 1.44386329 1.47207063 1.50027797
 1.52848531 1.55669266 1.5849     1.61310734 1.64131468 1.66952202
 1.69772936 1.7259367  1.75414405 1.78235139 1.81055873 1.83876607
 1.86697341 1.89518075 1.92338809 1.95159544 1.97980278 2.00801012
 2.03621746 2.0644248  2.09263214 2.12083948 2.14904683 2.17725417
 2.20546151 2.23366885 2.26187619 2.29008353 2.31829088 2.34649822
 2.37470556 2.4029129  2.43112024 2.45932758 2.48753492 2.51574227
 2.54394961 2.57215695 2.60036429 2.62857163 2.65677897 2.68498631
 2.71319366 2.741401   2.76960834 2.79781568 2.82602302 2.85423036
 2.8824377  2.91064505 2.93885239 2.96705973]
[0.17453293 0.20274027 0.23094761 0.25915495 0.28736229 0.31556963
 0.34377697 0.37198432 0.40019166 0.428399   0.45660634 0.48481368
 0.51302102 0.54122836 0.56943571 0.59764305 0.62585039 0.65405773
 0.68226507 0.71047241 0.73867975 0.7668871  0.79509444 0.82330178
 0.85150912 0.87971646 0.9079238  0.93613114 0.96433849 0.99254583
 1.02075317 1.04896051 1.07716785 1.10537519 1.13358253 1.16178988
 1.18999722 1.21820456 1.2464119  1.27461924 1.30282658 1.33103392
 1.35924127 1.38744861 1.41565595 1.44386329 1.47207063 1.50027797
 1.52848531 1.55669266 1.5849     1.61310734 1.64131468 1.66952202
 1.69772936 1.7259367  1.75414405 1.78235139 1.81055873 1.83876607
 1.86697341 1.89518075 1.92338809 1.95159544 1.97980278 2.00801012
 2.03621746 2.0644248  2.09263214 2.12083948 2.14904683 2.17725417
 2.20546151 2.23366885 2.26187619 2.29008353 2.31829088 2.34649822
 2.37470556 2.4029129  2.43112024 2.45932758 2.48753492 2.51574227
 2.54394961 2.57215695 2.60036429 2.62857163 2.65677897 2.68498631
 2.71319366 2.741401   2.76960834 2.79781568 2.82602302 2.85423036
 2.8824377  2.91064505 2.93885239 2.96705973]
[0.17453293 0.20274027 0.23094761 0.25915495 0.28736229 0.31556963
 0.34377697 0.37198432 0.40019166 0.428399   0.45660634 0.48481368
 0.51302102 0.54122836 0.56943571 0.59764305 0.62585039 0.65405773
 0.68226507 0.71047241 0.73867975 0.7668871  0.79509444 0.82330178
 0.85150912 0.87971646 0.9079238  0.93613114 0.96433849 0.99254583
 1.02075317 1.04896051 1.07716785 1.10537519 1.13358253 1.16178988
 1.18999722 1.21820456 1.2464119  1.27461924 1.30282658 1.33103392
 1.35924127 1.38744861 1.41565595 1.44386329 1.47207063 1.50027797
 1.52848531 1.55669266 1.5849     1.61310734 1.64131468 1.66952202
 1.69772936 1.7259367  1.75414405 1.78235139 1.81055873 1.83876607
 1.86697341 1.89518075 1.92338809 1.95159544 1.97980278 2.00801012
 2.03621746 2.0644248  2.09263214 2.12083948 2.14904683 2.17725417
 2.20546151 2.23366885 2.26187619 2.29008353 2.31829088 2.34649822
 2.37470556 2.4029129  2.43112024 2.45932758 2.48753492 2.51574227
 2.54394961 2.57215695 2.60036429 2.62857163 2.65677897 2.68498631
 2.71319366 2.741401   2.76960834 2.79781568 2.82602302 2.85423036
 2.8824377  2.91064505 2.93885239 2.96705973]
[0.17453293 0.18856572 0.20259852 0.21663132 0.23066412 0.24469692
 0.25872971 0.27276251 0.28679531 0.30082811 0.31486091 0.3288937
 0.3429265  0.3569593  0.3709921  0.3850249  0.39905769 0.41309049
 0.42712329 0.44115609 0.45518889 0.46922168 0.48325448 0.49728728
 0.51132008 0.52535288 0.53938567 0.55341847 0.56745127 0.58148407
 0.59551687 0.60954966 0.62358246 0.63761526 0.65164806 0.66568086
 0.67971365 0.69374645 0.70777925 0.72181205 0.73584485 0.74987764
 0.76391044 0.77794324 0.79197604 0.80600884 0.82004163 0.83407443
 0.84810723 0.86214003 0.87617283 0.89020562 0.90423842 0.91827122
 0.93230402 0.94633682 0.96036961 0.97440241 0.98843521 1.00246801
 1.01650081 1.0305336  1.0445664  1.0585992  1.072632   1.0866648
 1.10069759 1.11473039 1.12876319 1.14279599 1.15682879 1.17086158
 1.18489438 1.19892718 1.21295998 1.22699278 1.24102557 1.25505837
 1.26909117 1.28312397 1.29715677 1.31118956 1.32522236 1.33925516
 1.35328796 1.36732076 1.38135355 1.39538635 1.40941915 1.42345195
 1.43748475 1.45151754 1.46555034 1.47958314 1.49361594 1.50764874
 1.52168153 1.53571433 1.54974713 1.56377993 1.57781273 1.59184552
 1.60587832 1.61991112 1.63394392 1.64797672 1.66200951 1.67604231
 1.69007511 1.70410791 1.71814071 1.7321735  1.7462063  1.7602391
 1.7742719  1.7883047  1.80233749 1.81637029 1.83040309 1.84443589
 1.85846869 1.87250148 1.88653428 1.90056708 1.91459988 1.92863268
 1.94266547 1.95669827 1.97073107 1.98476387 1.99879667 2.01282946
 2.02686226 2.04089506 2.05492786 2.06896066 2.08299345 2.09702625
 2.11105905 2.12509185 2.13912465 2.15315744 2.16719024 2.18122304
 2.19525584 2.20928864 2.22332143 2.23735423 2.25138703 2.26541983
 2.27945263 2.29348542 2.30751822 2.32155102 2.33558382 2.34961662
 2.36364941 2.37768221 2.39171501 2.40574781 2.41978061 2.4338134
 2.4478462  2.461879   2.4759118  2.4899446  2.50397739 2.51801019
 2.53204299 2.54607579 2.56010859 2.57414138 2.58817418 2.60220698
 2.61623978 2.63027258 2.64430537 2.65833817 2.67237097 2.68640377
 2.70043657 2.71446936 2.72850216 2.74253496 2.75656776 2.77060056
 2.78463335 2.79866615 2.81269895 2.82673175 2.84076455 2.85479734
 2.86883014 2.88286294 2.89689574 2.91092854 2.92496133 2.93899413
 2.95302693 2.96705973]
